1 1 Blue ## ## 2 7 0 0 0 0 394 59
2 0 Blue ## ## 1 9 0 0 0 0 504 31
3 0 Brown ## ## 4 9 10 0 0 0 666 52
4 0 Brown ## ## 3 10 11 0 0 0 842 55
5 0 Cream ## ## 6 11 12 0 0 0 1040 61
6 1 Cream ## ## 5 0 0 0 0 0 1161 62
7 0 Blue ## ## 1 8 13 0 0 0 376 169
8 0 Blue ## ## 7 15 0 0 0 0 477 177
9 0 Brown Blue ## 2 3 15 0 0 0 570 134
10 0 Brown ## ## 3 4 11 0 0 0 780 134
11 0 Brown Green Cream 4 5 10 12 21 0 944 133
12 0 Cream ## ## 5 11 17 0 0 0 1096 136
13 0 Navy_Blue ## ## 7 14 18 0 0 0 400 315
14 0 Navy_Blue ## ## 13 15 0 0 0 0 506 290
15 0 Blue Navy_Blue ## 8 9 14 0 0 0 603 247
16 1 Green ## ## 20 21 0 0 0 0 819 268
17 0 Purple ## ## 21 23 12 0 0 0 1088 248
18 0 Navy_Blue Pink ## 13 19 28 0 0 0 449 444
19 0 Navy_Blue Green ## 18 20 0 0 0 0 606 389
20 0 Green ## ## 16 19 24 0 0 0 728 322
21 0 Green Purple ## 11 16 17 22 25 26 943 316
22 0 Purple ## ## 21 23 0 0 0 0 1042 341
23 0 Purple ## ## 17 22 27 0 0 0 1154 323
24 0 Green Pink ## 20 25 30 31 0 0 767 438
25 0 Pink ## ## 21 24 26 31 0 0 890 461
26 0 Pink ## ## 21 25 27 32 0 0 1010 464
27 0 Pink Purple ## 23 26 32 0 0 0 1169 451
28 1 Pink ## ## 18 29 0 0 0 0 510 525
29 0 Pink ## ## 28 30 0 0 0 0 604 501
30 0 Pink ## ## 24 29 31 0 0 0 702 518
31 0 Pink ## ## 24 25 30 0 0 0 809 527
32 0 Pink ## ## 26 27 0 0 0 0 1099 525